8
0	1	16	4	22	23	43	26
1	0	6	34	14	29	40	33
16	6	0	50	23	7	45	44
4	34	50	0	31	48	47	19
22	14	23	31	0	15	4	3
23	29	7	48	15	0	30	17
43	40	45	47	4	30	0	45
26	33	44	19	3	17	45	0