7
0	2	23	47	42	31	11
2	0	46	43	3	3	12
23	46	0	14	39	8	13
47	43	14	0	29	37	17
42	3	39	29	0	25	27
31	3	8	37	25	0	11
11	12	13	17	27	11	0